1.	0.03608991967158956
1.023292992280754	0.03608596285097511
1.0471285480508996	0.03608192380656996
1.0715193052376064	0.036077801073061966
1.096478196143185	0.036073593170886924
1.1220184543019633	0.0360692986067396
1.1481536214968828	0.03606491587412965
1.1748975549395295	0.03606044345398466
1.202264434617413	0.036055879815302644
1.2302687708123816	0.0360512234158559
1.2589254117941673	0.03604647270294912
1.288249551693134	0.03604162611423354
1.318256738556407	0.0360366820785802
1.3489628825916535	0.03603163901701441
1.3803842646028848	0.036026495343714285
1.4125375446227544	0.03602124946707594
1.4454397707459274	0.03601589979084806
1.4791083881682074	0.03601044471533872
1.5135612484362082	0.036004882638697194
1.5488166189124815	0.03599921195827379
1.5848931924611136	0.03599343107206049
1.62181009735893	0.03598753838021566
1.6595869074375607	0.035981532286675465
1.6982436524617444	0.03597541120085549
1.7378008287493754	0.03596917353944532
1.7782794100389228	0.035962817728299415
1.8197008586099834	0.03595634220442707
1.8620871366628675	0.035949745418085044
1.9054607179632472	0.0359430258349755
1.9498445997580451	0.035936181938552504
1.9952623149688795	0.03592921223244003
2.041737944669529	0.0359221152429646
2.0892961308540396	0.03591488952180508
2.137962089502232	0.035907533648763194
2.1877616239495525	0.03590004623465452
2.23872113856834	0.035892425924328224
2.290867652767773	0.03588467139981494
2.344228815319922	0.035876781383594736
2.3988329190194904	0.03586875464201252
2.4547089156850306	0.035860589988810726
2.51188643150958	0.03585228628880846
2.570395782768864	0.035843842461708984
2.6302679918953817	0.03583525748604549
2.6915348039269156	0.03582653040326238
2.7542287033381663	0.03581766032193197
2.8183829312644537	0.03580864642210541
2.884031503126606	0.035799487959796324
2.951209226666386	0.035790184271594576
3.019951720402016	0.035780734779407
3.0902954325135905	0.03577113899532104
3.1622776601683795	0.035761396526586026
3.2359365692962827	0.03575150708070595
3.311311214825911	0.035741470470636444
3.3884415613920256	0.03573128662007703
3.4673685045253166	0.035720955568848606
3.548133892335755	0.035710477478344195
3.630780547701014	0.03569985263703956
3.715352290971726	0.03568908146604805
3.8018939632056115	0.03567816452470213
3.890451449942806	0.03566710251614158
3.9810717055349722	0.03565589629288597
4.073802778041127	0.03564454686236609
4.168693834703354	0.03563305539238608
4.265795188015927	0.035621423216484795
4.36515832240166	0.035609651839161
4.466835921509632	0.0355977429409236
4.570881896148751	0.03558569838312338
4.677351412871983	0.03557352021251828
4.786300923226384	0.035561210665519254
4.8977881936844625	0.0355487721720581
5.011872336272724	0.0355362073590129
5.1286138399136485	0.03552351905311997
5.248074602497725	0.03551071028329445
5.370317963702527	0.0354977842822739
5.495408738576246	0.03548474448749106
5.623413251903491	0.03547159454107281
5.7543993733715695	0.03545833828885297
5.88843655355589	0.035444979778275675
6.025595860743578	0.03543152325505489
6.165950018614822	0.03541797315844326
6.309573444801933	0.035404334114949934
6.456542290346556	0.035390610930332835
6.606934480075961	0.035376808579674845
6.760829753919819	0.035362932195336774
6.918309709189364	0.035348987052561245
7.079457843841379	0.03533497855248247
7.244359600749901	0.03532091220227452
7.413102413009175	0.035306793592148736
7.5857757502918375	0.035292628368884825
7.762471166286917	0.035278422205553966
7.943282347242816	0.0352641807670627
8.128305161640993	0.03524990967111512
8.31763771102671	0.03523561444415671
8.511380382023766	0.035221300471826776
8.709635899560807	0.035206972943406606
8.912509381337456	0.035192636789708236
9.120108393559097	0.035178296613802215
9.33254300796991	0.035163956613933844
9.549925860214358	0.03514962049792344
9.772372209558107	0.035135291388289185
10.	0.03512097171726874
10.232929922807541	0.03510666311084993
10.471285480508996	0.035092366260848364
10.715193052376065	0.03507808098726749
10.964781961431852	0.03506380741740206
11.220184543019636	0.035049545305104186
11.481536214968829	0.035035294844487676
11.748975549395297	0.03502105604074304
12.02264434617413	0.035006828679679615
12.302687708123818	0.034992613032705074
12.589254117941675	0.03497840878081203
12.882495516931343	0.0349642161790396
13.182567385564074	0.034950035018803144
13.48962882591654	0.03493586543143263
13.803842646028853	0.034921707213109617
14.125375446227547	0.03490756045565343
14.454397707459272	0.03489342529399816
14.791083881682072	0.0348793014023467
15.13561248436208	0.03486518910696627
15.488166189124811	0.03485108811161644
15.848931924611133	0.03483699858817903
16.218100973589298	0.03482292044508846
16.595869074375607	0.03480885368353114
16.982436524617444	0.03479479826951998
17.378008287493753	0.03478075406506816
17.78279410038923	0.034766721401368314
18.197008586099834	0.034752699888053434
18.620871366628677	0.03473868977733023
19.054607179632473	0.03472469096147081
19.498445997580454	0.03471070336604189
19.952623149688797	0.03469672714179225
20.417379446695296	0.03468276207517983
20.892961308540396	0.03466880835658206
21.379620895022324	0.034654865628825325
21.87761623949553	0.03464093427000913
22.3872113856834	0.03462701410821389
22.908676527677734	0.03461310503667417
23.442288153199225	0.03459920729892811
23.98832919019491	0.03458532055110056
24.547089156850312	0.034571445083895466
25.11886431509581	0.03455758067652753
25.703957827688633	0.034543727446673445
26.302679918953814	0.03452988524294981
26.915348039269155	0.03451605403337
27.542287033381662	0.03450223411291196
28.183829312644534	0.0344884250604549
28.84031503126606	0.034474627173146956
29.512092266663856	0.03446084032638501
30.19951720402016	0.034447064430435784
30.902954325135905	0.034433299672522184
31.622776601683793	0.03441954579871587
32.359365692962825	0.03440580303752121
33.11311214825911	0.0343920710123488
33.884415613920254	0.03437835004807334
34.673685045253166	0.03436464012290906
35.48133892335755	0.034350940950293715
36.30780547701014	0.034337252888575975
37.15352290971726	0.03432357560231508
38.018939632056124	0.03430990926433233
38.90451449942807	0.03429625384106841
39.810717055349734	0.03428260923666699
40.73802778041128	0.0342689755632306
41.68693834703355	0.03425535247999645
42.657951880159274	0.03424174042711464
43.65158322401661	0.034228139163497096
44.668359215096324	0.034214548604035985
45.708818961487516	0.034200969019268335
46.77351412871981	0.03418740002910033
47.86300923226383	0.0341738419279874
48.97788193684461	0.034160294547654846
50.11872336272722	0.034146757913131
51.28613839913648	0.03413323202176371
52.48074602497726	0.03411971662231456
53.70317963702527	0.03410621215662832
54.954087385762456	0.03409271829108471
56.23413251903491	0.03407923504985575
57.543993733715695	0.034065762640736574
58.8843655355589	0.034052300689592856
60.25595860743578	0.034038849521586007
61.65950018614822	0.03402540892635231
63.09573444801933	0.03401197896724419
64.56542290346556	0.03399855960965742
66.06934480075961	0.0339851506192741
67.60829753919819	0.03397175244403088
69.18309709189366	0.03395836474197967
70.79457843841381	0.03394498753048945
72.44359600749902	0.033931621037253
74.13102413009177	0.033918264871564914
75.8577575029184	0.03390491935587802
77.6247116628692	0.03389158430860169
79.43282347242817	0.033878259748349376
81.28305161640995	0.03386494570306712
83.17637711026708	0.03385164186299046
85.11380382023764	0.03383834870103131
87.09635899560806	0.03382506594920838
89.12509381337455	0.03381179350062401
91.20108393559097	0.03379853167454198
93.3254300796991	0.03378528007077089
95.49925860214358	0.03377203894331005
97.72372209558107	0.033758808226897696
100.	0.033745587810566954
102.32929922807547	0.033732377859232415
104.71285480508996	0.03371917795804646
107.1519305237607	0.03370598854988819
109.64781961431851	0.033692809542486636
112.2018454301963	0.03367964063359252
114.81536214968828	0.033666482224397894
117.48975549395291	0.03365333399369958
120.22644346174131	0.03364019602455523
123.02687708123811	0.03362706842365535
125.89254117941675	0.03361395091690923
128.82495516931337	0.033600843792302694
131.82567385564073	0.03358774676994949
134.89628825916532	0.03357466003861941
138.03842646028852	0.033561583486241935
141.2537544622754	0.033548517176177774
144.5439770745928	0.033535460995989204
147.91083881682073	0.033522414992645785
151.35612484362088	0.03350937908682234
154.88166189124811	0.03349635327795399
158.48931924611142	0.03348333757731906
162.18100973589299	0.03347033199291443
165.95869074375614	0.03345733678543394
169.82436524617444	0.033444351456118675
173.78008287493762	0.03343137645734602
177.82794100389228	0.03341841132628348
181.97008586099844	0.033405456225526854
186.20871366628674	0.03339251116757474
190.54607179632484	0.033379576090985685
194.98445997580455	0.03336665107153179
199.52623149688807	0.033353735956189616
204.17379446695296	0.03334083089295536
208.92961308540387	0.033327935815596
213.79620895022325	0.03331505071633887
218.77616239495518	0.033302175594348865
223.872113856834	0.03328931039661274
229.08676527677724	0.03327645512921899
234.42288153199226	0.033263609800093547
239.88329190194898	0.03325077442415912
245.4708915685031	0.03323794898414638
251.18864315095797	0.03322513342240324
257.03957827688646	0.03321232769991278
263.02679918953817	0.03319953185764339
269.1534803926917	0.0331867458622213
275.4228703338166	0.03317396970476361
281.8382931264455	0.03316120340011584
288.40315031266056	0.03314844688396175
295.1209226666387	0.033135700216783505
301.9951720402016	0.033122963259688956
309.0295432513592	0.03311023625089944
316.22776601683796	0.03309751892535637
323.5936569296284	0.0330848113729547
331.1311214825911	0.033072113628770036
338.84415613920277	0.033059425530596286
346.73685045253166	0.03304674727187338
354.81338923357566	0.03303407861999994
363.0780547701014	0.03302141977803896
371.5352290971724	0.03300877054117726
380.1893963205613	0.03299613107192697
389.04514499428046	0.03298350120318777
398.1071705534973	0.03297088106716271
407.3802778041126	0.032958270484688225
416.8693834703355	0.032945669688286355
426.57951880159254	0.03293307845825435
436.5158322401661	0.032920496826365095
446.683592150963	0.0329079248786012
457.0881896148752	0.032895362420779235
467.73514128719813	0.03288280966237301
478.6300923226385	0.03287026636829938
489.77881936844614	0.032857732735960425
501.18723362727246	0.032845208571349316
512.8613839913648	0.03283269402531703
524.8074602497728	0.03282018894171973
537.0317963702527	0.032807693444324194
549.5408738576248	0.03279520735960479
562.341325190349	0.03278273091407275
575.4399373371573	0.03277026390737962
588.843655355589	0.032757806338425496
602.5595860743581	0.0327453583291575
616.5950018614822	0.03273291965427934
630.9573444801937	0.032720490543643725
645.6542290346556	0.032708070757295225
660.6934480075957	0.03269566048495724
676.0829753919819	0.032683259550520115
691.8309709189363	0.03267086808156171
707.945784384138	0.032658485947486146
724.4359600749899	0.03264611324857302
741.3102413009177	0.03263374983512327
758.5775750291835	0.03262139589037915
776.247116628692	0.032609051298475085
794.3282347242813	0.03259671595369714
812.8305161640995	0.032584390063731
831.7637711026708	0.03257207335287364
851.1380382023768	0.03255976606259529
870.9635899560806	0.03254746798091075
891.2509381337459	0.03253517924396568
912.0108393559096	0.03252289974264424
933.2543007969915	0.03251062953203347
954.992586021436	0.03249836855473502
977.2372209558112	0.032486116841570684
1000.	0.03247387431565522
1023.2929922807547	0.03246164105807866
1047.1285480508996	0.03244941709882347
1071.519305237607	0.03243720218790594
1096.4781961431852	0.032424996612554796
1122.018454301964	0.03241280010245257
1148.1536214968828	0.03240061283066257
1174.8975549395302	0.03238843469369844
1202.2644346174131	0.032376265699729304
1230.268770812381	0.03236410587125914
1258.9254117941675	0.032351955135425645
1288.2495516931335	0.03233981355715253
1318.2567385564075	0.03232768105178228
1348.9628825916532	0.03231555766503909
1380.3842646028852	0.032303443323786735
1412.537544622754	0.032291338222245766
1445.439770745928	0.03227924201802864
1479.1083881682073	0.03226715497137747
1513.5612484362086	0.03225507694376204
1548.816618912481	0.032243007923996404
1584.893192461114	0.03223094799871278
1621.8100973589299	0.03221889700093931
1659.5869074375614	0.03220685510342961
1698.2436524617442	0.0321948221100677
1737.8008287493763	0.0321827981890182
1778.2794100389228	0.03217078316601415
1819.7008586099844	0.032158777180911764
1862.0871366628676	0.032146780049440014
1905.4607179632483	0.03213479202458872
1949.8445997580454	0.03212281286385018
1995.262314968881	0.03211084260019465
2041.7379446695295	0.032098881348636484
2089.2961308540407	0.032086928874249514
2137.9620895022326	0.0320749854200872
2187.761623949552	0.03206305074521754
2238.72113856834	0.03205112502675977
2290.8676527677726	0.032039208118580034
2344.228815319923	0.03202730010724189
2398.83291901949	0.03201540091325935
2454.708915685031	0.03200351058292786
2511.88643150958	0.03199162903153487
2570.3957827688646	0.03197975634298409
2630.2679918953813	0.0319678925591733
2691.5348039269165	0.031956037407887154
2754.2287033381663	0.03194419118905508
2818.382931264455	0.03193235364766013
2884.031503126606	0.031920524917548564
2951.209226666387	0.031908704953411623
3019.9517204020162	0.03189689369621747
3090.295432513592	0.03188509123917653
3162.2776601683795	0.031873297441591016
3235.9365692962842	0.031861512434482576
3311.311214825911	0.03184973607052589
3388.4415613920273	0.03183796846601482
3467.368504525317	0.03182620946183301
3548.1338923357566	0.0318144593144309
3630.780547701014	0.031802717721892866
3715.3522909717276	0.031790984804928764
3801.8939632056126	0.03177926060766891
3890.4514499428046	0.031767544939089745
3981.0717055349733	0.031755838026855665
4073.802778041126	0.03174413962234352
4168.693834703355	0.031732449923243686
4265.795188015925	0.03172076876118732
4365.158322401661	0.031709096243977226
4466.835921509631	0.03169743227575714
4570.881896148751	0.03168577691548769
4677.351412871981	0.031674130070172536
4786.300923226385	0.031662491830238906
4897.7881936844615	0.03165086223851289
5011.872336272725	0.03163924101518014
5128.613839913648	0.03162762846465234
5248.074602497728	0.031616024341474376
5370.317963702527	0.03160442875777895
5495.408738576249	0.03159284169936153
5623.413251903491	0.03158126307280786
5754.399373371572	0.03156969300554663
5888.43655355589	0.03155813132696695
6025.5958607435805	0.03154657819458212
6165.9500186148225	0.03153503343892315
6309.573444801937	0.03152349719960405
6456.542290346556	0.031511969292619416
6606.9344800759645	0.031500449977006795
6760.829753919818	0.03148893900977341
6918.309709189362	0.03147743640809141
7079.457843841381	0.031465942317581035
7244.359600749898	0.031454456474931454
7413.102413009177	0.03144297913478573
7585.775750291836	0.03143151007586107
7762.4711662869195	0.031420049431435795
7943.282347242814	0.03140859711877706
8128.305161640995	0.0313971531505656
8317.63771102671	0.0313857175290116
8511.380382023768	0.031374290217005385
8709.635899560806	0.03136287122642809
8912.509381337459	0.03135146051342168
9120.108393559096	0.0313400582634191
9332.543007969914	0.031328664127287735
9549.92586021436	0.03131727836192965
9772.372209558112	0.031305900866486665
10000.	0.03129453156864162
10232.929922807536	0.0312831706259078
10471.285480509006	0.03127181781063959
10715.193052376071	0.03126047333658341
10964.78196143185	0.031249136998313966
11220.18454301963	0.031237808950670597
11481.53621496884	0.03122648905292149
11748.975549395303	0.031215177405415517
12022.644346174131	0.03120387387713018
12302.68770812381	0.03119257860509694
12589.254117941662	0.031181291584958172
12882.495516931349	0.031170012565485728
13182.567385564074	0.031158741848822252
13489.628825916532	0.03114747917861124
13803.842646028837	0.03113622467871673
14125.375446227554	0.031124978333046106
14454.39770745928	0.031113740042823478
14791.083881682072	0.031102509946601034
15135.612484362071	0.031091287862299838
15488.166189124828	0.031080073958833998
15848.93192461114	0.031068868058681254
16218.100973589299	0.031057670309397267
16595.869074375598	0.031046480522271352
16982.43652461746	0.03103529894237017
17378.00828749376	0.03102412538699959
17782.794100389227	0.031012959783968334
18197.008586099826	0.031001802352420733
18620.871366628693	0.030990652799692455
19054.607179632483	0.03097951136161705
19498.445997580457	0.03096837788286476
19952.62314968879	0.030957252403896535
20417.379446695315	0.030946134944747565
20892.96130854041	0.030935025416266387
21379.620895022323	0.030923923918412397
21877.616239495517	0.030912830323702574
22387.211385683422	0.03090174473921874
22908.676527677748	0.030890667011352974
23442.288153199228	0.030879597398861088
23988.329190194898	0.030868535609424593
24547.089156850285	0.030857481729436007
25118.864315095823	0.030846435858723764
25703.957827688646	0.030835397753356603
26302.679918953814	0.03082436766821402
26915.348039269138	0.030813345375285236
27542.28703338169	0.030802331013926383
28183.82931264455	0.030791324504658765
28840.31503126606	0.030780325850259402
29512.09226666384	0.030769335070713524
30199.51720402019	0.030758352107451464
30902.95432513592	0.0307473770023651
31622.776601683792	0.030736409671524346
32359.36569296281	0.030725450336555864
33113.11214825915	0.030714498657918504
33884.415613920275	0.030703554829521897
34673.685045253165	0.03069261884587554
35481.33892335753	0.0306816905377016
36307.80547701017	0.03067077013219481
37153.52290971728	0.030659857379608763
38018.93963205613	0.030648952471872
38904.51449942805	0.030638055265609015
39810.71705534977	0.030627165830074052
40738.02778041131	0.030616284123060264
41686.93834703355	0.03060541014283549
42657.95188015926	0.030594543875354437
43651.58322401656	0.03058368530041427
44668.359215096345	0.030572834592074747
45708.818961487515	0.0305619914015695
46773.51412871981	0.03055115598243255
47863.0092322638	0.030540328256284586
48977.881936844664	0.030529508117133328
50118.72336272725	0.030518695756231083
51286.13839913648	0.03050789092767845
52480.74602497723	0.03049709384327388
53703.17963702533	0.030486304326485532
54954.08738576248	0.03047552248576699
56234.13251903491	0.03046474824034156
57543.993733715666	0.03045398162498214
58884.36553555896	0.0304432225892264
60255.95860743581	0.030432471156017323
61659.50018614822	0.03042172746227062
63095.7344480193	0.03041099116512451
64565.422903465624	0.030400262544926927
66069.34480075965	0.03038954148273729
67608.29753919819	0.03037882791194793
69183.09709189362	0.030368121997998477
70794.57843841388	0.030357423504472916
72443.59600749906	0.030346732647363886
74131.02413009177	0.030336049236897172
75857.75750291836	0.030325373399404196
77624.71166286911	0.030314705036240473
79432.82347242821	0.03030404419926534
81283.05161640995	0.030293390821460285
83176.37711026709	0.03028274494546618
85113.80382023759	0.030272106690569015
87096.35899560814	0.030261475719367995
89125.0938133746	0.030250852320119113
91201.08393559097	0.03024023636058861
93325.43007969906	0.030229627787169318
95499.25860214369	0.03021902675713659
97723.72209558112	0.03020843303762878
100000.	0.03019784684468964
102329.29922807537	0.030187267987074846
104712.85480509007	0.0301766965931089
107151.9305237607	0.030166132563259177
109647.8196143185	0.030155575949581907
112201.84543019629	0.03014502668645038
114815.3621496884	0.030134484813709096
117489.75549395304	0.030123950454650585
120226.4434617413	0.030113423270738786
123026.87708123811	0.030102903545834947
125892.54117941688	0.030092391158065678
128824.95516931349	0.03008188604144142
131825.67385564075	0.030071388363540664
134896.28825916533	0.030060897886717317
138038.42646028838	0.030050414825690364
141253.75446227554	0.030039938997379514
144543.9770745928	0.03002947051785054
147910.83881682073	0.030019009302324595
151356.12484362072	0.030008555387289904
154881.66189124828	0.029998108725329275
158489.3192461114	0.029987669332553184
162181.009735893	0.029977237355543435
165958.69074375596	0.029966812450771766
169824.3652461746	0.029956394883751084
173780.08287493762	0.029945984566059507
177827.94100389228	0.029935581396298816
181970.08586099825	0.029925185566933233
186208.71366628693	0.029914796832649086
190546.07179632483	0.029904415400242718
194984.45997580455	0.029894041107805733
199526.2314968879	0.02988367404302143
204173.79446695317	0.029873314152347126
208929.6130854041	0.029862961440848948
213796.20895022326	0.029852615895558897
218776.16239495517	0.02984227749017924
223872.11385683424	0.029831946407879527
229086.76527677747	0.029821622305609887
234422.88153199226	0.029811305409242705
239883.29190194898	0.02980099568773384
245470.89156850285	0.029790692985849885
251188.6431509582	0.029780397527419115
257039.57827688646	0.02977010906730356
263026.7991895382	0.0297598277879633
269153.4803926914	0.029749553567605586
275422.8703338169	0.029739286446630393
281838.2931264455	0.029729026419857828
288403.15031266055	0.029718773446002565
295120.9226666384	0.029708527560449696
301995.1720402019	0.029698288680893595
309029.5432513592	0.02968805703102586
316227.7660168379	0.029677832286118814
323593.6569296281	0.02966761460183263
331131.12148259144	0.02965740402886104
338844.15613920277	0.029647200347323648
346736.85045253165	0.029637003807043007
354813.3892335753	0.02962681418437484
363078.05477010173	0.029616631609339826
371535.2290971728	0.029606456026307872
380189.39632056124	0.02959628740639725
389045.1449942805	0.02958612581007732
398107.17055349774	0.029575971136966535
407380.27780411305	0.029565823480392914
416869.3834703355	0.029555682696663935
426579.5188015926	0.0295455490398502
436515.8322401656	0.02953542223808365
446683.5921509635	0.02952530233599787
457088.1896148752	0.029515189485576673
467735.1412871981	0.029505083411111112
478630.092322638	0.029494984360034393
489778.81936844665	0.029484892168051408
501187.2336272725	0.029474806876144177
512861.3839913648	0.029464728521242343
524807.4602497723	0.029454656989927937
537031.7963702533	0.029444592413755237
549540.8738576248	0.029434534636294026
562341.3251903491	0.029424483798073213
575439.9373371566	0.029414439716062432
588843.6553555896	0.029404402636964058
602559.5860743581	0.029394372389403473
616595.0018614822	0.029384348872027122
630957.344480193	0.029374332332776445
645654.2290346563	0.029364322490254228
660693.4480075964	0.029354319525348664
676082.9753919819	0.02934432338219188
691830.9709189363	0.029334333983053646
707945.7843841388	0.02932435146689753
724435.9600749906	0.029314375645715953
741310.2413009177	0.029304406696519156
758577.5750291835	0.02929444444564411
776247.1166286912	0.029284489031673737
794328.2347242822	0.029274540294359035
812830.5161640996	0.02926459840487458
831763.7711026708	0.02925466333967631
851138.0382023759	0.029244734846368192
870963.5899560815	0.02923481322765494
891250.9381337459	0.02922489827007632
912010.8393559096	0.02921499001835524
933254.3007969905	0.029205088559345883
954992.5860214368	0.029195193698288355
977237.2209558112	0.02918530564319906
1.e6	0.029175424193241633
1.0232929922807537e6	0.029165549495142034
1.0471285480509007e6	0.029155681435587864
1.071519305237607e6	0.029145820076969333
1.096478196143185e6	0.02913596535244862
1.1220184543019629e6	0.029126117297093832
1.1481536214968842e6	0.02911627604598476
1.1748975549395303e6	0.0291064412611002
1.2022644346174132e6	0.029096613199802335
1.230268770812381e6	0.029086791796572087
1.2589254117941686e6	0.029076976921358764
1.288249551693135e6	0.029067168787709066
1.3182567385564074e6	0.029057367153185586
1.3489628825916534e6	0.0290475721993561
1.3803842646028867e6	0.029037783811937244
1.4125375446227554e6	0.029028002019194553
1.445439770745928e6	0.0290182268342209
1.4791083881682071e6	0.029008458195413176
1.5135612484362072e6	0.028998696164625828
1.5488166189124826e6	0.02898894062800299
1.5848931924611141e6	0.02897919182691278
1.62181009735893e6	0.02896944947216911
1.6595869074375597e6	0.028959713640501126
1.698243652461746e6	0.02894998446339939
1.7378008287493763e6	0.028940261672731143
1.778279410038923e6	0.028930545515801875
1.8197008586099825e6	0.02892083583039178
1.8620871366628695e6	0.028911132652334078
1.9054607179632483e6	0.02890143602876412
1.9498445997580455e6	0.02889174583515979
1.9952623149688789e6	0.028882062214370553
2.0417379446695317e6	0.028872385002300462
2.0892961308540408e6	0.028862714345091772
2.1379620895022326e6	0.028853050061119732
2.187761623949552e6	0.028843392376700017
2.238721138568342e6	0.028833741176118654
2.2908676527677746e6	0.028824096291471667
2.3442288153199228e6	0.028814458001858386
2.39883291901949e6	0.02880482605435497
2.4547089156850334e6	0.028795200561781524
2.5118864315095823e6	0.0287855815504156
2.5703957827688647e6	0.028775968867711128
2.6302679918953814e6	0.02876636270377866
2.691534803926914e6	0.02875676285375246
2.754228703338169e6	0.028747169482307648
2.818382931264455e6	0.02873758245415134
2.884031503126606e6	0.028728001854998596
2.951209226666384e6	0.02871842759552817
3.019951720402019e6	0.028708859737771916
3.090295432513592e6	0.028699298393549785
3.1622776601683795e6	0.028689743231607452
3.235936569296281e6	0.02868019451832727
3.3113112148259142e6	0.028670652177183422
3.3884415613920274e6	0.028661116086171917
3.467368504525317e6	0.02865158645566328
3.548133892335753e6	0.028642063045945177
3.6307805477010175e6	0.028632546034444657
3.715352290971728e6	0.02862303531565275
3.8018939632056127e6	0.02861353090646917
3.890451449942805e6	0.028604032834006327
3.9810717055349774e6	0.028594541022517767
4.0738027780411304e6	0.02858505555033627
4.168693834703355e6	0.028575576285922635
4.265795188015926e6	0.028566103476548803
4.365158322401665e6	0.028556636861571224
4.466835921509635e6	0.028547176466114467
4.5708818961487515e6	0.02853772246391192
4.677351412871981e6	0.02852827457594522
4.786300923226381e6	0.028518833027777288
4.897788193684466e6	0.02850939770653652
5.011872336272725e6	0.02849996858803009
5.128613839913649e6	0.02849054577506305
5.248074602497723e6	0.02848112910071566
5.370317963702532e6	0.028471718734345654
5.495408738576248e6	0.028462314503806173
5.623413251903491e6	0.028452916550250625
5.754399373371567e6	0.02844352471399223
5.888436553555896e6	0.02843413916342223
6.025595860743581e6	0.02842475988622103
6.165950018614822e6	0.028415386618173694
6.30957344480193e6	0.028406019658899162
6.456542290346563e6	0.028396658827165182
6.606934480075965e6	0.028387304119696016
6.760829753919818e6	0.028377955669923054
6.918309709189363e6	0.028368613254889017
7.079457843841388e6	0.028359277084428612
7.244359600749906e6	0.028349946989846872
7.413102413009177e6	0.02834062306446521
7.5857757502918355e6	0.028331305261615015
7.762471166286928e6	0.028321993572626266
7.943282347242822e6	0.02831268801314571
8.128305161640995e6	0.028303388516168006
8.317637711026709e6	0.02829409529693067
8.51138038202376e6	0.028284808048243456
8.709635899560815e6	0.02827552689178056
8.912509381337458e6	0.02826625192527858
9.120108393559096e6	0.028256982895810665
9.332543007969905e6	0.028247720050410485
9.54992586021437e6	0.02823846322300096
9.772372209558113e6	0.028229212452949987
1.e7	0.02821996778947546